3 0.16875 0.40703125 0.203125 0.271875
3 0.77265625 0.51328125 0.19375 0.2515625
3 0.18671875 0.86796875 0.2171875 0.2484375
3 0.7734375 0.79140625 0.2 0.3171875
3 0.6328125 0.32734375 0.203125 0.303125
3 0.92578125 0.140625 0.1484375 0.1875
3 0.78359375 0.11328125 0.13125 0.1765625
3 0.6078125 0.05 0.2359375 0.1
3 0.35 0.0359375 0.24375 0.071875
3 0.44375 0.23984375 0.215625 0.26875
3 0.32734375 0.18359375 0.1453125 0.2109375
3 0.1921875 0.2109375 0.15 0.196875
3 0.0625 0.24765625 0.125 0.2078125
3 0.03203125 0.48515625 0.0640625 0.2828125
3 0.0984375 0.6546875 0.15625 0.203125
3 0.06875 0.93125 0.1375 0.1375
3 0.41796875 0.91640625 0.19375 0.165625
3 0.3140625 0.659375 0.259375 0.278125
3 0.34453125 0.42578125 0.184375 0.2515625
3 0.5015625 0.5328125 0.1796875 0.3125
3 0.63203125 0.571875 0.1 0.165625
3 0.59921875 0.82421875 0.2 0.3515625
3 0.9453125 0.590625 0.109375 0.21875
3 0.90546875 0.70546875 0.1375 0.203125
3 0.9265625 0.3359375 0.14375 0.2609375
3 0.7609375 0.31171875 0.153125 0.1765625