3 0.83125 0.40703125 0.20390625 0.27109375
3 0.22734375 0.51328125 0.19453125 0.2515625
3 0.81328125 0.86796875 0.2171875 0.2484375
3 0.2265625 0.79140625 0.19921875 0.3171875
3 0.3671875 0.32734375 0.203125 0.30234375
3 0.07421875 0.140625 0.1484375 0.1875
3 0.21640625 0.11328125 0.13046875 0.1765625
3 0.3921875 0.05 0.2359375 0.1
3 0.65 0.0359375 0.24453125 0.071875
3 0.55625 0.23984375 0.215625 0.26796875
3 0.67265625 0.18359375 0.1453125 0.2109375
3 0.8078125 0.2109375 0.14921875 0.196875
3 0.9375 0.24765625 0.125 0.2078125
3 0.96796875 0.48515625 0.0640625 0.2828125
3 0.9015625 0.6546875 0.15625 0.20390625
3 0.93125 0.93125 0.13671875 0.1375
3 0.58203125 0.91640625 0.19453125 0.16640625
3 0.6859375 0.659375 0.25859375 0.27890625
3 0.65546875 0.42578125 0.184375 0.2515625
3 0.4984375 0.5328125 0.1796875 0.3125
3 0.36796875 0.571875 0.09921875 0.165625
3 0.40078125 0.82421875 0.19921875 0.3515625
3 0.0546875 0.590625 0.109375 0.21796875
3 0.09453125 0.70546875 0.13671875 0.203125
3 0.0734375 0.3359375 0.14296875 0.2609375
3 0.2390625 0.31171875 0.15390625 0.1765625