3 0.66484375 0.1984375 0.3109375 0.259375
3 0.42578125 0.7625 0.2890625 0.2453125
3 0.2109375 0.12265625 0.290625 0.2453125
3 0.165625 0.7 0.33125 0.265625
3 0.63828125 0.66796875 0.340625 0.265625
3 0.7546875 0.95078125 0.215625 0.0984375
3 0.81328125 0.86328125 0.2015625 0.1671875
3 0.9140625 0.70625 0.15 0.253125
3 0.96171875 0.4578125 0.0765625 0.253125
3 0.76640625 0.50390625 0.3109375 0.2703125
3 0.846875 0.403125 0.2375 0.1890625
3 0.85078125 0.26484375 0.225 0.190625
3 0.84453125 0.13046875 0.23125 0.16875
3 0.61875 0.05546875 0.290625 0.1109375
3 0.43984375 0.08671875 0.2328125 0.1734375
3 0.1765625 0.0328125 0.165625 0.065625
3 0.1125 0.3265625 0.2046875 0.2265625
3 0.38671875 0.2828125 0.3296875 0.315625
3 0.60703125 0.36484375 0.2859375 0.2359375
3 0.46796875 0.49453125 0.3453125 0.2453125
3 0.4 0.6125 0.184375 0.134375
3 0.17734375 0.52265625 0.3546875 0.2734375
3 0.31171875 0.91328125 0.2375 0.15625
3 0.20859375 0.84921875 0.228125 0.1796875
3 0.56328125 0.9265625 0.2859375 0.146875
3 0.625 0.796875 0.20625 0.1890625