3 0.24921875 0.26796875 0.0671875 0.1125
3 0.340625 0.259375 0.09453125 0.13515625
3 0.42421875 0.2984375 0.0875 0.0875
3 0.49375 0.33515625 0.0671875 0.153125
3 0.55078125 0.3578125 0.0546875 0.12734375
3 0.5921875 0.275 0.09140625 0.09375
3 0.59765625 0.39140625 0.04765625 0.07265625
3 0.621875 0.49609375 0.07578125 0.11015625
3 0.5171875 0.471875 0.04609375 0.07265625
3 0.52421875 0.5484375 0.0703125 0.0828125
3 0.6078125 0.56171875 0.09140625 0.08203125
3 0.53828125 0.6640625 0.090625 0.115625
3 0.6046875 0.69453125 0.05703125 0.05625
3 0.484375 0.70859375 0.0515625 0.08828125
3 0.5296875 0.79609375 0.06015625 0.04453125
3 0.503125 0.83984375 0.065625 0.06953125
3 0.42890625 0.8359375 0.08046875 0.09140625
3 0.42109375 0.7046875 0.0828125 0.11640625
3 0.36015625 0.76796875 0.13984375 0.07109375
3 0.25625 0.7328125 0.1640625 0.11640625
3 0.30625 0.83359375 0.09453125 0.0765625
3 0.23984375 0.65625 0.07890625 0.0765625
3 0.31796875 0.6375 0.084375 0.16875
3 0.3390625 0.55234375 0.05546875 0.11640625
3 0.40078125 0.56328125 0.05859375 0.096875
3 0.45625 0.55234375 0.08046875 0.1140625
3 0.46015625 0.63359375 0.08828125 0.0578125
3 0.43125 0.43828125 0.07109375 0.0875
3 0.35 0.37265625 0.08046875 0.0859375
3 0.2765625 0.36484375 0.0546875 0.1046875
3 0.21328125 0.34140625 0.07890625 0.10078125
3 0.26015625 0.5 0.0734375 0.15703125
3 0.3359375 0.46171875 0.06953125 0.08046875
3 0.190625 0.525 0.0859375 0.10625
3 0.19921875 0.64765625 0.10859375 0.12109375