3 0.23515625 0.28359375 0.1203125 0.0828125
3 0.23984375 0.37578125 0.146875 0.1109375
3 0.28984375 0.453125 0.0984375 0.0984375
3 0.3359375 0.51640625 0.1609375 0.0875
3 0.36640625 0.5703125 0.134375 0.071875
3 0.28984375 0.62265625 0.1046875 0.103125
3 0.40625 0.61171875 0.078125 0.05625
3 0.51328125 0.62109375 0.11875 0.0890625
3 0.47421875 0.52109375 0.078125 0.05625
3 0.5515625 0.5171875 0.0921875 0.08125
3 0.57578125 0.5984375 0.09375 0.1015625
3 0.66796875 0.51484375 0.1265625 0.10625
3 0.70703125 0.5765625 0.0640625 0.0640625
3 0.7046875 0.45546875 0.09375 0.0625
3 0.79765625 0.48828125 0.0515625 0.065625
3 0.83671875 0.45546875 0.0765625 0.075
3 0.82265625 0.3828125 0.1015625 0.09375
3 0.69140625 0.39375 0.1265625 0.0984375
3 0.74609375 0.32421875 0.090625 0.15
3 0.696875 0.2265625 0.1375 0.178125
3 0.803125 0.26171875 0.0890625 0.103125
3 0.61875 0.2203125 0.0859375 0.0875
3 0.6109375 0.30078125 0.178125 0.1078125
3 0.5296875 0.33359375 0.121875 0.071875
3 0.54921875 0.39296875 0.1046875 0.071875
3 0.54609375 0.44921875 0.125 0.096875
3 0.6265625 0.4421875 0.06875 0.0953125
3 0.4296875 0.440625 0.096875 0.0828125
3 0.353125 0.36953125 0.096875 0.0921875
3 0.33515625 0.29765625 0.1109375 0.06875
3 0.303125 0.23828125 0.109375 0.090625
3 0.46640625 0.2625 0.165625 0.09375
3 0.4390625 0.34296875 0.090625 0.0796875
3 0.48203125 0.18984375 0.1171875 0.1
3 0.6046875 0.18125 0.1359375 0.125