3 0.746875 0.26328125 0.06875 0.1140625
3 0.65546875 0.25625 0.0953125 0.1359375
3 0.571875 0.296875 0.0890625 0.0890625
3 0.503125 0.33515625 0.0703125 0.1546875
3 0.446875 0.35859375 0.05625 0.1296875
3 0.40390625 0.2765625 0.09375 0.0953125
3 0.40078125 0.39296875 0.0484375 0.0734375
3 0.378125 0.4984375 0.0765625 0.1109375
3 0.48203125 0.471875 0.0484375 0.0734375
3 0.4765625 0.54921875 0.071875 0.084375
3 0.39296875 0.56328125 0.0921875 0.0828125
3 0.46484375 0.66484375 0.0921875 0.1171875
3 0.3984375 0.69609375 0.0578125 0.0578125
3 0.51953125 0.70859375 0.053125 0.0890625
3 0.47578125 0.796875 0.059375 0.0453125
3 0.503125 0.83984375 0.0671875 0.0703125
3 0.5765625 0.834375 0.0828125 0.0921875
3 0.5828125 0.703125 0.084375 0.1171875
3 0.64453125 0.765625 0.1421875 0.075
3 0.74765625 0.72890625 0.165625 0.11875
3 0.69921875 0.83046875 0.096875 0.078125
3 0.7625 0.6515625 0.0796875 0.078125
3 0.684375 0.634375 0.0875 0.1703125
3 0.66171875 0.54921875 0.0578125 0.1171875
3 0.6 0.56171875 0.0609375 0.0984375
3 0.54453125 0.5515625 0.0828125 0.115625
3 0.5421875 0.6328125 0.0890625 0.059375
3 0.56796875 0.43671875 0.0734375 0.0890625
3 0.64765625 0.3703125 0.0828125 0.0875
3 0.72109375 0.3609375 0.05625 0.10625
3 0.78359375 0.33671875 0.0796875 0.1015625
3 0.73984375 0.49609375 0.0765625 0.1578125
3 0.66328125 0.45859375 0.0703125 0.0828125
3 0.809375 0.51953125 0.0875 0.1078125
3 0.803125 0.6421875 0.1109375 0.1234375