3 0.70390625 0.765625 0.1359375 0.07578125
3 0.40390625 0.61640625 0.09375 0.084375
3 0.74765625 0.60078125 0.15078125 0.0859375
3 0.18359375 0.54921875 0.13984375 0.0828125
3 0.196875 0.4390625 0.1375 0.08828125
3 0.14609375 0.3109375 0.08125 0.09609375
3 0.56953125 0.22109375 0.23359375 0.12734375
3 0.4078125 0.46640625 0.0859375 0.084375
3 0.5921875 0.590625 0.2015625 0.13046875
3 0.7109375 0.678125 0.16328125 0.07578125
3 0.0375 0.0375 0.075 0.075
3 0.13671875 0.84765625 0.22421875 0.14140625