3 0.1609375 0.559375 0.1484375 0.1328125
3 0.16328125 0.26015625 0.16875 0.13125
3 0.5765625 0.16640625 0.2421875 0.253125
3 0.51015625 0.41640625 0.221875 0.20625
3 0.09453125 0.03984375 0.1265625 0.0796875
3 0.05078125 0.19375 0.0671875 0.0890625
3 0.11328125 0.4484375 0.2265625 0.10625
3 0.1359375 0.71796875 0.1625 0.115625
3 0.36484375 0.76796875 0.234375 0.1109375
3 0.56875 0.88984375 0.15625 0.1171875
3 0.7203125 0.709375 0.3109375 0.1375
3 0.803125 0.59375 0.39375 0.19375
3 0.809375 0.409375 0.3234375 0.2078125