3 0.8125 0.3546875 0.1609375 0.1484375
3 0.88671875 0.64453125 0.1796875 0.1484375
3 0.5125 0.8421875 0.2671875 0.2765625
3 0.5125 0.58359375 0.2421875 0.228125
3 0.97265625 0.85546875 0.0546875 0.1265625
3 0.9875 0.6796875 0.025 0.09375
3 0.884375 0.4484375 0.23125 0.13125
3 0.79453125 0.1953125 0.1734375 0.13125
3 0.56171875 0.20625 0.2421875 0.1375
3 0.33203125 0.14140625 0.1640625 0.134375
3 0.2328125 0.3546875 0.3203125 0.171875
3 0.19375 0.4875 0.3875 0.2375
3 0.22421875 0.6671875 0.340625 0.2421875