3 0.165625 0.5828125 0.14140625 0.1234375
3 0.14765625 0.284375 0.16015625 0.1203125
3 0.553125 0.16171875 0.2265625 0.23828125
3 0.50390625 0.415625 0.209375 0.1921875
3 0.0625 0.053125 0.11875 0.10625
3 0.03046875 0.22578125 0.0609375 0.08359375
3 0.1109375 0.47578125 0.221875 0.08984375
3 0.15234375 0.74296875 0.15625 0.10390625
3 0.38359375 0.7765625 0.22890625 0.0953125
3 0.59609375 0.884375 0.14765625 0.1078125
3 0.734375 0.69375 0.30390625 0.11640625
3 0.80859375 0.57265625 0.3828125 0.1671875
3 0.80234375 0.38828125 0.3109375 0.1859375