1 0.02109375 0.2390625 0.0421875 0.065625
1 0.01484375 0.28359375 0.0296875 0.0609375
1 0.25703125 0.24609375 0.090625 0.059375
1 0.03984375 0.3015625 0.071875 0.053125
1 0.70703125 0.20078125 0.1109375 0.078125
1 0.60234375 0.13203125 0.259375 0.228125
1 0.14140625 0.40859375 0.0578125 0.0375
1 0.1078125 0.38359375 0.109375 0.075
1 0.2484375 0.3890625 0.0546875 0.0359375
1 0.76015625 0.359375 0.1171875 0.084375
1 0.9296875 0.5328125 0.0734375 0.0609375
1 0.4796875 0.62890625 0.1296875 0.1359375
1 0.90625 0.590625 0.0484375 0.0484375
1 0.81328125 0.4390625 0.0390625 0.0453125
1 0.60234375 0.64140625 0.246875 0.1640625
1 0.5203125 0.75 0.1875 0.140625
1 0.70078125 0.7515625 0.2625 0.1984375