1 0.125 0.925 0.04609375 0.08046875
1 0.16640625 0.9453125 0.04296875 0.078125
1 0.19453125 0.67421875 0.04140625 0.0828125
1 0.19609375 0.8984375 0.0390625 0.0640625
1 0.26015625 0.2265625 0.05546875 0.09921875
1 0.16796875 0.31171875 0.1796875 0.22109375
1 0.32421875 0.82578125 0.025 0.05390625
1 0.2921875 0.85234375 0.05390625 0.09921875
1 0.33125 0.7171875 0.025 0.05078125
1 0.4265625 0.21328125 0.0609375 0.10703125
1 0.6359375 0.09140625 0.04609375 0.0640625
1 0.6203125 0.55078125 0.1140625 0.1046875
1 0.6859375 0.12734375 0.0390625 0.03984375
1 0.51640625 0.18125 0.0390625 0.03203125
1 0.66171875 0.43515625 0.11171875 0.2265625
1 0.74765625 0.540625 0.10390625 0.1671875
1 0.79296875 0.36640625 0.14609375 0.234375