1 0.95546875 0.1625 0.0625 0.0890625
1 0.91875 0.13359375 0.059375 0.0859375
1 0.83515625 0.39296875 0.05625 0.0890625
1 0.88046875 0.1734375 0.0515625 0.0703125
1 0.678125 0.8171875 0.0765625 0.109375
1 0.7859375 0.753125 0.221875 0.2546875
1 0.73984375 0.21796875 0.0359375 0.0578125
1 0.7765625 0.1984375 0.0734375 0.109375
1 0.71015625 0.32265625 0.034375 0.0546875
1 0.5125 0.79609375 0.08125 0.1171875
1 0.28203125 0.87109375 0.059375 0.071875
1 0.39296875 0.425 0.1328125 0.1265625
1 0.240625 0.82578125 0.046875 0.0484375
1 0.41796875 0.80859375 0.0453125 0.0390625
1 0.328125 0.5296875 0.1578125 0.2453125
1 0.26640625 0.40859375 0.1359375 0.184375
1 0.1859375 0.56953125 0.1921875 0.259375