1 0.91875 0.721875 0.1390625 0.1359375
1 0.66953125 0.10234375 0.096875 0.096875
1 0.81953125 0.35546875 0.134375 0.1265625
1 0.57578125 0.2203125 0.10625 0.10625
1 0.4203125 0.06484375 0.10625 0.115625
1 0.27890625 0.5 0.1296875 0.15
1 0.45546875 0.9140625 0.1265625 0.1609375
1 0.7578125 0.86875 0.184375 0.2046875
1 0.37578125 0.4203125 0.1515625 0.1578125
1 0.41796875 0.246875 0.1046875 0.0875
1 0.32578125 0.92578125 0.1921875 0.13125
1 0.50859375 0.45078125 0.1453125 0.1453125
1 0.15859375 0.8015625 0.25625 0.303125
1 0.14609375 0.94296875 0.203125 0.096875
1 0.0484375 0.72109375 0.09375 0.1125
1 0.684375 0.7328125 0.1140625 0.121875
1 0.28515625 0.34453125 0.1046875 0.10625
1 0.41015625 0.59375 0.1453125 0.1828125
1 0.41484375 0.31796875 0.103125 0.084375
1 0.5484375 0.04140625 0.0890625 0.08125
1 0.2859375 0.62890625 0.128125 0.1390625
1 0.49921875 0.14296875 0.11875 0.0953125
1 0.621875 0.0390625 0.090625 0.0734375
1 0.63203125 0.321875 0.1328125 0.1390625
1 0.80546875 0.43828125 0.0796875 0.065625
1 0.21171875 0.60859375 0.05625 0.0734375
1 0.3890625 0.165625 0.1125 0.10625
1 0.30546875 0.21015625 0.10625 0.1
1 0.91015625 0.86640625 0.15 0.1828125
1 0.23046875 0.26796875 0.096875 0.09375
1 0.834375 0.7875 0.0875 0.0875
1 0.08046875 0.24375 0.1328125 0.2203125
1 0.47421875 0.034375 0.0515625 0.06875
1 0.7296875 0.41953125 0.1125 0.109375
1 0.13359375 0.0328125 0.0640625 0.0609375
1 0.6578125 0.50859375 0.1125 0.128125