1 0.12109375 0.784375 0.1578125 0.15625
1 0.2703125 0.13359375 0.109375 0.109375
1 0.16171875 0.40703125 0.15 0.14375
1 0.38203125 0.2359375 0.121875 0.121875
1 0.51015625 0.0609375 0.1234375 0.121875
1 0.71875 0.465625 0.15 0.1671875
1 0.60859375 0.90234375 0.15 0.1765625
1 0.303125 0.8953125 0.2125 0.209375
1 0.61015625 0.40234375 0.1734375 0.178125
1 0.54140625 0.2375 0.115625 0.1015625
1 0.7390625 0.89296875 0.2078125 0.1578125
1 0.48359375 0.453125 0.165625 0.165625
1 0.8671875 0.74375 0.265625 0.3375
1 0.90546875 0.88203125 0.1890625 0.1265625
1 0.9625 0.646875 0.075 0.125
1 0.3546875 0.759375 0.13125 0.1375
1 0.68828125 0.31328125 0.11875 0.1203125
1 0.60390625 0.57890625 0.1703125 0.2015625
1 0.55546875 0.30703125 0.1140625 0.0984375
1 0.38046875 0.0546875 0.1 0.09375
1 0.73125 0.59375 0.146875 0.1546875
1 0.44453125 0.146875 0.13125 0.1109375
1 0.3078125 0.0640625 0.1 0.0859375
1 0.34140625 0.34453125 0.1515625 0.15625
1 0.18828125 0.48671875 0.0890625 0.0765625
1 0.8015625 0.5625 0.065625 0.08125
1 0.55703125 0.15234375 0.128125 0.121875
1 0.646875 0.18359375 0.1203125 0.1140625
1 0.1515625 0.9125 0.175 0.175
1 0.7296875 0.228125 0.109375 0.10625
1 0.2140625 0.83671875 0.0984375 0.0984375
1 0.87421875 0.18125 0.1640625 0.2359375
1 0.45234375 0.03671875 0.0609375 0.0734375
1 0.2609375 0.45625 0.128125 0.125
1 0.78828125 0.0078125 0.0734375 0.015625
1 0.3453125 0.5328125 0.1296875 0.14375