1 0.9265625 0.70703125 0.134375 0.13203125
1 0.65546875 0.096875 0.09453125 0.09453125
1 0.8140625 0.34453125 0.1296875 0.12109375
1 0.565625 0.21796875 0.10390625 0.10390625
1 0.40546875 0.06796875 0.10390625 0.1125
1 0.27890625 0.5078125 0.12578125 0.1453125
1 0.4703125 0.915625 0.12109375 0.15625
1 0.7703125 0.859375 0.178125 0.1984375
1 0.3734375 0.425 0.14765625 0.15234375
1 0.409375 0.25 0.1015625 0.08359375
1 0.340625 0.93125 0.1875 0.12578125
1 0.50703125 0.45078125 0.140625 0.140625
1 0.16953125 0.81328125 0.246875 0.2953125
1 0.16171875 0.9546875 0.20078125 0.090625
1 0.05625 0.73671875 0.090625 0.11015625
1 0.6921875 0.7265625 0.11015625 0.11875
1 0.2796875 0.35234375 0.1015625 0.10390625
1 0.41328125 0.596875 0.1390625 0.178125
1 0.40859375 0.32109375 0.09921875 0.08125
1 0.53203125 0.03984375 0.0859375 0.07890625
1 0.290625 0.6359375 0.1234375 0.134375
1 0.48671875 0.14296875 0.11484375 0.090625
1 0.60546875 0.03515625 0.08828125 0.0703125
1 0.62578125 0.3171875 0.128125 0.134375
1 0.803125 0.42734375 0.07734375 0.06171875
1 0.215625 0.61875 0.053125 0.07265625
1 0.37734375 0.16953125 0.11015625 0.10390625
1 0.2953125 0.2171875 0.10390625 0.096875
1 0.92265625 0.8515625 0.14296875 0.178125
1 0.22265625 0.27734375 0.09453125 0.090625
1 0.84453125 0.77578125 0.08359375 0.08359375
1 0.071875 0.25859375 0.12578125 0.215625
1 0.4578125 0.03515625 0.0484375 0.06796875
1 0.7265625 0.41171875 0.11015625 0.10546875
1 0.1171875 0.04609375 0.06171875 0.059375
1 0.6578125 0.503125 0.1078125 0.12578125