1 0.253125 0.79375 0.246875 0.2625
1 0.31640625 0.35390625 0.2515625 0.3015625
1 0.1890625 0.4671875 0.196875 0.2453125
1 0.803125 0.53125 0.196875 0.2
1 0.1359375 0.6203125 0.1484375 0.16875
1 0.69453125 0.8640625 0.2671875 0.2171875
1 0.375 0.59453125 0.24375 0.2890625
1 0.915625 0.66484375 0.16875 0.2234375
1 0.63828125 0.63671875 0.221875 0.328125
1 0.43671875 0.28203125 0.0828125 0.10625
1 0.47421875 0.3703125 0.0921875 0.10625
1 0.2640625 0.17890625 0.1953125 0.1984375
1 0.74453125 0.35390625 0.215625 0.2375