1 0.24375 0.78515625 0.234375 0.215625
1 0.6703125 0.66171875 0.2734375 0.21484375
1 0.57578125 0.803125 0.22421875 0.1671875
1 0.4265625 0.20390625 0.178125 0.1734375
1 0.43125 0.87734375 0.15234375 0.128125
1 0.1125 0.3578125 0.184375 0.24296875
1 0.4234375 0.63671875 0.26171875 0.209375
1 0.275 0.09140625 0.20078125 0.18125
1 0.3453125 0.38203125 0.30546875 0.18203125
1 0.72421875 0.53203125 0.09765625 0.0703125
1 0.63203125 0.5078125 0.09609375 0.0796875
1 0.85078125 0.6890625 0.1765625 0.17265625
1 0.6109375 0.2375 0.2140625 0.18828125