1 0.23359375 0.77578125 0.23125 0.2484375
1 0.3265625 0.34140625 0.234375 0.2875
1 0.1921875 0.4453125 0.1828125 0.2359375
1 0.80078125 0.55234375 0.1859375 0.1890625
1 0.128125 0.59453125 0.1390625 0.1609375
1 0.66875 0.8765625 0.25625 0.2015625
1 0.36875 0.5859375 0.2265625 0.2765625
1 0.9125 0.6953125 0.175 0.2125
1 0.628125 0.64609375 0.2015625 0.31875
1 0.45234375 0.27890625 0.0765625 0.1015625
1 0.4828125 0.36875 0.0859375 0.1015625
1 0.28671875 0.16328125 0.184375 0.1875
1 0.75390625 0.37109375 0.2015625 0.2265625