3 0.925 0.51328125 0.053125 0.06875
3 0.83515625 0.49765625 0.0546875 0.075
3 0.878125 0.5703125 0.053125 0.07734375
3 0.725 0.22109375 0.06328125 0.07734375
3 0.56640625 0.28828125 0.05078125 0.08671875
3 0.8453125 0.0375 0.06328125 0.075
3 0.78828125 0.1984375 0.0546875 0.08046875
3 0.28046875 0.05078125 0.090625 0.1015625
3 0.25390625 0.58203125 0.371875 0.50234375
3 0.47265625 0.390625 0.09453125 0.09765625
3 0.46796875 0.47578125 0.06953125 0.06640625
3 0.4578125 0.553125 0.08203125 0.06640625