3 0.7 0.4859375 0.246875 0.2984375
3 0.7140625 0.73046875 0.221875 0.275
3 0.56953125 0.80078125 0.1828125 0.3234375
3 0.5296875 0.50234375 0.196875 0.275
3 0.40390625 0.5234375 0.20625 0.2859375
3 0.32734375 0.5671875 0.121875 0.215625
3 0.23515625 0.59296875 0.1625 0.2046875
3 0.34453125 0.72890625 0.1265625 0.1171875
3 0.2390625 0.8328125 0.1296875 0.153125
3 0.1390625 0.88359375 0.11875 0.1484375
3 0.10625 0.79140625 0.1546875 0.2578125
3 0.18046875 0.2515625 0.221875 0.2859375
3 0.059375 0.28828125 0.11875 0.2765625