3 0.528125 0.3015625 0.2625 0.19609375
3 0.7703125 0.33828125 0.24375 0.17421875
3 0.80859375 0.49453125 0.3046875 0.12109375
3 0.50859375 0.47109375 0.24921875 0.1484375
3 0.503125 0.59921875 0.25859375 0.15546875
3 0.5296875 0.6828125 0.203125 0.08203125
3 0.5359375 0.778125 0.18203125 0.12734375
3 0.69140625 0.7 0.09765625 0.10859375
3 0.77109375 0.82421875 0.134375 0.1046875
3 0.8 0.9328125 0.13046875 0.09453125
3 0.703125 0.94609375 0.23984375 0.10703125
3 0.190625 0.7609375 0.25546875 0.17265625
3 0.19375 0.92109375 0.253125 0.13984375