0 0.371875 0.1515625 0.2328125 0.2390625
0 0.675 0.27578125 0.2734375 0.3140625
0 0.57265625 0.13984375 0.246875 0.2296875
0 0.54609375 0.79375 0.25 0.2640625
0 0.5734375 0.496875 0.240625 0.240625
0 0.83125 0.190625 0.2296875 0.290625
0 0.10703125 0.334375 0.2140625 0.18125
0 0.28203125 0.27734375 0.175 0.1828125
0 0.45390625 0.3375 0.234375 0.1953125
0 0.3578125 0.47109375 0.225 0.240625
0 0.13984375 0.5109375 0.259375 0.271875
0 0.14375 0.75078125 0.184375 0.2109375
0 0.11796875 0.921875 0.1171875 0.15625
0 0.37109375 0.909375 0.2234375 0.18125
0 0.346875 0.70546875 0.25 0.265625
0 0.7484375 0.85546875 0.19375 0.184375
0 0.9390625 0.809375 0.121875 0.221875
0 0.7828125 0.65625 0.23125 0.2453125
0 0.83828125 0.4484375 0.2859375 0.215625