0 0.421875 0.1375 0.2046875 0.21328125
0 0.7046875 0.30234375 0.2359375 0.284375
0 0.621875 0.153125 0.221875 0.2
0 0.5046875 0.79765625 0.21796875 0.2359375
0 0.5734375 0.50703125 0.21328125 0.21328125
0 0.87109375 0.23984375 0.1953125 0.26640625
0 0.13359375 0.28203125 0.1953125 0.15546875
0 0.31484375 0.24921875 0.15390625 0.16171875
0 0.4765625 0.3328125 0.2125 0.1671875
0 0.36328125 0.4515625 0.196875 0.215625
0 0.1421875 0.4609375 0.22734375 0.2421875
0 0.1125 0.6984375 0.16015625 0.18984375
0 0.059375 0.88828125 0.09140625 0.1921875
0 0.31484375 0.88984375 0.20234375 0.15859375
0 0.31953125 0.68203125 0.21953125 0.23828125
0 0.696875 0.88671875 0.1734375 0.16328125
0 0.91328125 0.87109375 0.1375 0.2046875
0 0.75859375 0.69375 0.20234375 0.21796875
0 0.8421875 0.49609375 0.2625 0.18203125