0 0.3484375 0.16171875 0.24375 0.25
0 0.659375 0.2640625 0.290625 0.3265625
0 0.546875 0.13515625 0.259375 0.2421875
0 0.56640625 0.78984375 0.2625 0.2765625
0 0.5734375 0.49140625 0.2515625 0.2515625
0 0.80859375 0.16875 0.246875 0.3015625
0 0.10390625 0.3625 0.2078125 0.19375
0 0.26640625 0.29296875 0.184375 0.190625
0 0.4421875 0.34140625 0.2421875 0.2078125
0 0.35625 0.48125 0.2375 0.2515625
0 0.1421875 0.5359375 0.2734375 0.284375
0 0.1625 0.775 0.196875 0.2203125
0 0.14921875 0.93359375 0.1296875 0.1328125
0 0.4 0.91015625 0.23125 0.1796875
0 0.3609375 0.715625 0.2640625 0.278125
0 0.77265625 0.8375 0.203125 0.1953125
0 0.94609375 0.7765625 0.1078125 0.228125
0 0.79296875 0.6359375 0.24375 0.25625
0 0.83359375 0.425 0.2953125 0.2328125