3 0.5484375 0.13359375 0.146875 0.1140625
3 0.3 0.53125 0.1453125 0.1234375
3 0.46875 0.8765625 0.1890625 0.096875
3 0.4890625 0.4765625 0.2015625 0.115625
3 0.48125 0.71171875 0.18125 0.1
3 0.1875 0.6 0.16875 0.09375
3 0.17265625 0.50078125 0.0875 0.06875
3 0.15390625 0.44140625 0.084375 0.08125
3 0.3234375 0.36484375 0.109375 0.109375
3 0.196875 0.328125 0.0703125 0.0625
3 0.4375 0.19921875 0.1296875 0.1140625
3 0.36171875 0.20625 0.078125 0.0859375
3 0.30390625 0.05078125 0.075 0.0484375
3 0.8375 0.42890625 0.140625 0.1
3 0.73046875 0.36484375 0.146875 0.065625
3 0.72578125 0.2953125 0.1296875 0.08125
3 0.865625 0.2984375 0.15625 0.1140625