3 0.84140625 0.64140625 0.1390625 0.165625
3 0.521875 0.29921875 0.146875 0.1640625
3 0.14453125 0.371875 0.1296875 0.2015625
3 0.525 0.4953125 0.1515625 0.2171875
3 0.3 0.42734375 0.13125 0.1953125
3 0.484375 0.17265625 0.121875 0.18125
3 0.584375 0.18359375 0.0828125 0.0984375
3 0.64609375 0.18125 0.09375 0.096875
3 0.6765625 0.3640625 0.128125 0.128125
3 0.74453125 0.2515625 0.0734375 0.0796875
3 0.80703125 0.51796875 0.134375 0.1484375
3 0.81953125 0.4421875 0.096875 0.0921875
3 0.9765625 0.4265625 0.046875 0.08125
3 0.48125 0.84453125 0.1234375 0.1546875
3 0.57109375 0.7578125 0.0921875 0.1546875
3 0.63984375 0.77109375 0.103125 0.140625
3 0.6 0.90546875 0.140625 0.1734375