3 0.4390625 0.86484375 0.14453125 0.109375
3 0.70078125 0.47578125 0.13984375 0.11796875
3 0.54453125 0.125 0.1859375 0.08984375
3 0.51015625 0.5234375 0.1984375 0.109375
3 0.52578125 0.2890625 0.17734375 0.09375
3 0.815625 0.4109375 0.165625 0.0875
3 0.82734375 0.5109375 0.0859375 0.06640625
3 0.84375 0.5703125 0.08203125 0.07890625
3 0.671875 0.64140625 0.10625 0.10625
3 0.796875 0.68203125 0.06953125 0.06015625
3 0.5515625 0.803125 0.1265625 0.10859375
3 0.628125 0.7984375 0.07578125 0.0828125
3 0.68046875 0.95546875 0.0734375 0.0453125
3 0.16015625 0.559375 0.13671875 0.0953125
3 0.26484375 0.62734375 0.1453125 0.0609375
3 0.2671875 0.696875 0.1265625 0.0765625
3 0.12734375 0.68828125 0.153125 0.11015625