3 0.63046875 0.20625 0.13046875 0.17109375
3 0.91484375 0.31015625 0.1703125 0.16875
3 0.675 0.45703125 0.2078125 0.19765625
3 0.37421875 0.86015625 0.1 0.10546875
3 0.278125 0.63359375 0.13125 0.0859375
3 0.27421875 0.33984375 0.12421875 0.10703125
3 0.40546875 0.271875 0.16015625 0.178125
3 0.38515625 0.1078125 0.128125 0.13515625
3 0.29921875 0.115625 0.05703125 0.08671875
3 0.19140625 0.340625 0.06953125 0.09765625
3 0.0640625 0.3046875 0.0390625 0.04296875
3 0.071875 0.39921875 0.02578125 0.0390625