1 0.89453125 0.17109375 0.1609375 0.1390625
1 0.26875 0.62578125 0.2390625 0.153125
1 0.3609375 0.53515625 0.125 0.0734375
1 0.478125 0.1328125 0.2375 0.153125
1 0.1015625 0.43515625 0.203125 0.1390625
1 0.43515625 0.4328125 0.3140625 0.1734375
1 0.0953125 0.76328125 0.14375 0.1546875
1 0.13203125 0.55390625 0.2359375 0.1484375
1 0.4203125 0.046875 0.215625 0.09375
1 0.659375 0.30234375 0.4046875 0.2109375
1 0.921875 0.0484375 0.0875 0.096875
1 0.79140625 0.4578125 0.3640625 0.20625
1 0.59765625 0.55390625 0.4359375 0.29375
1 0.09453125 0.9109375 0.125 0.1375
1 0.465625 0.76875 0.5671875 0.28125
1 0.38671875 0.3328125 0.221875 0.13125