1 0.3359375 0.14140625 0.10234375 0.16953125
1 0.34765625 0.88203125 0.22890625 0.234375
1 0.52109375 0.63359375 0.22421875 0.50390625
1 0.4296875 0.30390625 0.1703125 0.3921875
1 0.11171875 0.56484375 0.15 0.2265625
1 0.171875 0.38515625 0.10625 0.20703125
1 0.2921875 0.3828125 0.15234375 0.353125
1 0.6859375 0.23828125 0.34609375 0.4765625
1 0.8734375 0.57109375 0.2515625 0.48359375
1 0.6296875 0.86015625 0.3375 0.2796875
1 0.096875 0.84453125 0.1390625 0.28203125
1 0.1421875 0.9328125 0.171875 0.134375
1 0.05078125 0.69609375 0.1015625 0.2484375
1 0.0671875 0.4453125 0.12109375 0.19921875
1 0.12734375 0.29609375 0.11796875 0.11953125
1 0.23984375 0.23359375 0.1203125 0.1546875
1 0.2484375 0.734375 0.1546875 0.45859375