1 0.79296875 0.078125 0.1265625 0.14921875
1 0.39453125 0.74140625 0.13515625 0.22890625
1 0.47734375 0.64140625 0.06171875 0.1203125
1 0.86796875 0.48984375 0.134375 0.2265625
1 0.59921875 0.8921875 0.121875 0.196875
1 0.57265625 0.55859375 0.1484375 0.3015625
1 0.27265625 0.92578125 0.14296875 0.13046875
1 0.478125 0.87109375 0.1296875 0.22578125
1 0.95859375 0.53984375 0.0765625 0.209375
1 0.6828125 0.32421875 0.178125 0.390625
1 0.91484375 0.03984375 0.09296875 0.0796875
1 0.51640625 0.20625 0.1765625 0.34921875
1 0.4375 0.4078125 0.2578125 0.415625
1 0.12578125 0.93984375 0.128125 0.1140625
1 0.23515625 0.5578125 0.23359375 0.5484375
1 0.6765625 0.5984375 0.11328125 0.2125