1 0.715625 0.059375 0.15 0.11875
1 0.43828125 0.75625 0.171875 0.2484375
1 0.50234375 0.64296875 0.0828125 0.1296875
1 0.8609375 0.42578125 0.171875 0.246875
1 0.665625 0.86875 0.1546875 0.215625
1 0.58203125 0.5453125 0.1984375 0.3234375
1 0.34921875 0.940625 0.1640625 0.11875
1 0.54296875 0.86953125 0.1671875 0.24375
1 0.95078125 0.459375 0.0984375 0.21875
1 0.64921875 0.2953125 0.24375 0.415625
1 0.828125 0.0109375 0.10625 0.021875
1 0.46484375 0.2078125 0.234375 0.375
1 0.42265625 0.4203125 0.3265625 0.4546875
1 0.20703125 0.965625 0.1453125 0.06875
1 0.24921875 0.603125 0.3265625 0.58125
1 0.690625 0.56640625 0.1484375 0.228125