1 0.765625 0.4890625 0.146875 0.1140625
1 0.06875 0.71875 0.1109375 0.0890625
1 0.96796875 0.45 0.0640625 0.096875
1 0.0734375 0.79296875 0.0828125 0.059375
1 0.353125 0.0390625 0.121875 0.078125
1 0.60859375 0.66640625 0.2015625 0.159375
1 0.14296875 0.36875 0.10625 0.05625
1 0.025 0.4734375 0.05 0.065625
1 0.0140625 0.68984375 0.028125 0.0609375
1 0.19453125 0.1109375 0.09375 0.084375
1 0.771875 0.36328125 0.1 0.075
1 0.475 0.96875 0.121875 0.0625
1 0.8890625 0.60078125 0.0828125 0.059375
1 0.559375 0.10703125 0.053125 0.040625
1 0.07421875 0.6640625 0.096875 0.0828125
1 0.79921875 0.82265625 0.19375 0.1625
1 0.04453125 0.615625 0.0671875 0.046875
1 0.10546875 0.475 0.059375 0.0484375
1 0.0921875 0.8359375 0.0734375 0.0578125
1 0.6234375 0.38203125 0.1015625 0.084375
1 0.83828125 0.33984375 0.0953125 0.0734375
1 0.64921875 0.4796875 0.0703125 0.059375
1 0.9859375 0.3796875 0.028125 0.08125
1 0.5421875 0.88515625 0.2875 0.2296875
1 0.29296875 0.503125 0.2796875 0.203125
1 0.30546875 0.60546875 0.2765625 0.165625
1 0.2734375 0.68203125 0.2125 0.1453125
1 0.24296875 0.73046875 0.1609375 0.0828125
1 0.2265625 0.784375 0.1640625 0.1125