1 0.4296875 0.24375 0.0875 0.13125
1 0.81015625 0.87109375 0.06875 0.0984375
1 0.34296875 0.03984375 0.08125 0.0796875
1 0.88125 0.85 0.04375 0.075
1 0.07734375 0.7484375 0.071875 0.1078125
1 0.6375 0.35703125 0.121875 0.178125
1 0.45234375 0.87734375 0.03359375 0.1015625
1 0.58203125 0.971875 0.05625 0.046875
1 0.79765625 0.94609375 0.05 0.0515625
1 0.18984375 0.88515625 0.06875 0.0796875
1 0.30546875 0.265625 0.05625 0.0890625
1 0.96875 0.41640625 0.053125 0.1125
1 0.5109375 0.0984375 0.04375 0.075
1 0.10390625 0.53046875 0.03125 0.046875
1 0.9578125 0.0234375 0.065625 0.046875
1 0.75546875 0.878125 0.065625 0.084375
1 0.03359375 0.79375 0.046875 0.065625
1 0.746875 0.1359375 0.128125 0.16875
1 0.71484375 0.91796875 0.034375 0.0609375
1 0.5640625 0.88984375 0.0375 0.0515625
1 0.91875 0.821875 0.04375 0.065625
1 0.35703125 0.40625 0.065625 0.0890625
1 0.01953125 0.70390625 0.03125 0.065625
1 0.26796875 0.20625 0.05625 0.084375
1 0.446875 0.359375 0.046875 0.0609375
1 0.26796875 0.03046875 0.06875 0.0609375
1 0.86953125 0.37109375 0.184375 0.25390625
1 0.54921875 0.70078125 0.14921875 0.25390625
1 0.64609375 0.665625 0.10859375 0.26015625
1 0.728125 0.6796875 0.1046875 0.19453125
1 0.78203125 0.6984375 0.04921875 0.15390625
1 0.83828125 0.70234375 0.08125 0.14921875