1 0.621875 0.7359375 0.1125 0.146875
1 0.11953125 0.2015625 0.0875 0.1109375
1 0.74921875 0.9171875 0.0953125 0.0953125
1 0.0546875 0.23671875 0.0578125 0.0828125
1 0.86171875 0.16875 0.0921875 0.1203125
1 0.3953125 0.66875 0.15625 0.2
1 0.46796875 0.12109375 0.0546875 0.10625
1 0.321875 0.05546875 0.0640625 0.0578125
1 0.11640625 0.12578125 0.059375 0.0609375
1 0.7234375 0.05859375 0.084375 0.0921875
1 0.7390625 0.6890625 0.0734375 0.0984375
1 0.05859375 0.67890625 0.075 0.1203125
1 0.57265625 0.8953125 0.0578125 0.0828125
1 0.88125 0.3875 0.040625 0.053125
1 0.171875 0.18359375 0.08125 0.096875
1 0.8953125 0.115625 0.059375 0.0734375
1 0.33359375 0.90546875 0.1609375 0.1890625
1 0.203125 0.1359375 0.046875 0.0671875
1 0.35625 0.13203125 0.046875 0.0578125
1 0.02578125 0.27109375 0.0515625 0.0734375
1 0.659375 0.56171875 0.0828125 0.1
1 0.92734375 0.20078125 0.04375 0.0703125
1 0.78828125 0.7390625 0.071875 0.09375
1 0.58125 0.6265625 0.0578125 0.06875
1 0.82421875 0.9109375 0.0796875 0.0734375
1 0.165625 0.703125 0.2328125 0.2875
1 0.41015625 0.3140625 0.2 0.278125
1 0.32265625 0.36875 0.1609375 0.2765625
1 0.23984375 0.371875 0.1421875 0.2109375
1 0.1828125 0.36484375 0.08125 0.1609375
1 0.12734375 0.37265625 0.1109375 0.1640625