1 0.6453125 0.13359375 0.1125 0.1734375
1 0.671875 0.8734375 0.240625 0.2453125
1 0.4859375 0.634375 0.2515625 0.5140625
1 0.56015625 0.30078125 0.190625 0.4
1 0.89140625 0.54453125 0.1609375 0.234375
1 0.821875 0.36796875 0.1171875 0.2109375
1 0.7015625 0.371875 0.171875 0.3609375
1 0.30078125 0.2484375 0.371875 0.49375
1 0.134375 0.590625 0.26875 0.496875
1 0.38828125 0.85859375 0.3515625 0.2828125
1 0.9203125 0.82265625 0.153125 0.2875
1 0.8796875 0.91328125 0.178125 0.14375
1 0.95078125 0.671875 0.0984375 0.253125
1 0.9296875 0.42265625 0.1328125 0.20625
1 0.86171875 0.2765625 0.125 0.125
1 0.74609375 0.2203125 0.128125 0.1609375
1 0.76328125 0.72109375 0.178125 0.4671875