1 0.38125 0.12421875 0.1234375 0.1796875
1 0.30234375 0.8609375 0.25625 0.2609375
1 0.5046875 0.63515625 0.284375 0.5265625
1 0.45390625 0.296875 0.2171875 0.409375
1 0.10703125 0.5171875 0.1765625 0.24375
1 0.18828125 0.34609375 0.13125 0.21875
1 0.3078125 0.35859375 0.1953125 0.36875
1 0.71640625 0.26328125 0.403125 0.515625
1 0.853125 0.61640625 0.29375 0.5109375
1 0.584375 0.85703125 0.36875 0.2859375
1 0.071875 0.7921875 0.14375 0.296875
1 0.09296875 0.88515625 0.1859375 0.1546875
1 0.04765625 0.6390625 0.0953125 0.259375
1 0.07734375 0.39296875 0.1453125 0.2140625
1 0.1546875 0.25234375 0.1328125 0.134375
1 0.27421875 0.20390625 0.1375 0.16875
1 0.221875 0.70234375 0.209375 0.475