1 0.05859375 0.25390625 0.0859375 0.0828125
1 0.29140625 0.1859375 0.14375 0.14375
1 0.43203125 0.21171875 0.15546875 0.1703125
1 0.69140625 0.17578125 0.1546875 0.1703125
1 0.3140625 0.29375 0.1125 0.09140625
1 0.44453125 0.64296875 0.11796875 0.1265625
1 0.634375 0.82109375 0.1625 0.21875
1 0.51640625 0.53203125 0.0453125 0.0453125
1 0.8234375 0.46015625 0.075 0.0390625
1 0.83125 0.83671875 0.2484375 0.19375
1 0.83203125 0.396875 0.134375 0.0921875
1 0.725 0.41953125 0.09453125 0.09765625
1 0.93046875 0.8 0.1390625 0.15859375
1 0.52734375 0.64140625 0.078125 0.11171875