1 0.82578125 0.88671875 0.0984375 0.1
1 0.8484375 0.64453125 0.16875 0.16875
1 0.79609375 0.51171875 0.196875 0.1859375
1 0.78203125 0.25 0.196875 0.184375
1 0.73828125 0.64296875 0.1109375 0.128125
1 0.3703125 0.58203125 0.146875 0.140625
1 0.159375 0.4296875 0.2453125 0.2015625
1 0.465625 0.48984375 0.053125 0.053125
1 0.47734375 0.175 0.053125 0.08125
1 0.1125 0.2390625 0.225 0.28125
1 0.5375 0.1546875 0.115625 0.15
1 0.5359375 0.2640625 0.1125 0.1109375
1 0.1234375 0.134375 0.1828125 0.1671875
1 0.35625 0.5 0.125 0.0984375