1 0.9078125 0.7984375 0.0953125 0.0921875
1 0.66875 0.8375 0.1609375 0.1609375
1 0.53203125 0.79453125 0.1765625 0.1875
1 0.2703125 0.7984375 0.175 0.1875
1 0.659375 0.72734375 0.1234375 0.103125
1 0.57265625 0.36484375 0.1328125 0.140625
1 0.40546875 0.16484375 0.1875 0.2375
1 0.4875 0.46640625 0.05 0.05
1 0.17421875 0.5 0.0796875 0.0484375
1 0.2125 0.12578125 0.2703125 0.221875
1 0.1578125 0.56171875 0.1453125 0.1078125
1 0.2671875 0.55234375 0.1046875 0.1078125
1 0.109375 0.15 0.1578125 0.175
1 0.48984375 0.35625 0.090625 0.121875