2 0.0375 0.6953125 0.075 0.228125
2 0.91484375 0.2046875 0.1703125 0.25
2 0.13671875 0.68515625 0.196875 0.2421875
2 0.8625 0.67421875 0.171875 0.2328125
2 0.21953125 0.8421875 0.2046875 0.2265625
2 0.73515625 0.67421875 0.178125 0.2609375
2 0.60078125 0.58125 0.228125 0.2640625
2 0.6671875 0.4421875 0.14375 0.1921875
2 0.54453125 0.39140625 0.228125 0.309375
2 0.38359375 0.39375 0.2234375 0.2828125
2 0.234375 0.49609375 0.1875 0.2484375
2 0.3078125 0.6640625 0.1859375 0.225
2 0.4671875 0.92109375 0.184375 0.1578125
2 0.46640625 0.70625 0.178125 0.2359375
2 0.5796875 0.82109375 0.15 0.2046875
2 0.67421875 0.9421875 0.1921875 0.115625
2 0.33203125 0.91796875 0.121875 0.128125