2 0.8703125 0.93125 0.15234375 0.12421875
2 0.58984375 0.5734375 0.14609375 0.1125
2 0.2703125 0.74296875 0.11171875 0.0953125
2 0.06875 0.38125 0.071875 0.059375
2 0.221875 0.54375 0.11640625 0.0953125
2 0.334375 0.253125 0.1375 0.1125
2 0.26328125 0.096875 0.17578125 0.1390625
2 0.903125 0.4671875 0.19375 0.1703125
2 0.78046875 0.509375 0.10703125 0.1265625
2 0.4953125 0.58046875 0.09609375 0.09296875
2 0.33515625 0.5984375 0.10703125 0.0875
2 0.0453125 0.63984375 0.090625 0.12578125
2 0.596875 0.84140625 0.15625 0.146875
2 0.77421875 0.71953125 0.2015625 0.1359375
2 0.4671875 0.89453125 0.1578125 0.11796875