2 0.934375 0.25234375 0.12265625 0.0828125
2 0.31640625 0.396875 0.24921875 0.1171875
2 0.3671875 0.2828125 0.26015625 0.13125
2 0.44609375 0.48671875 0.2640625 0.13828125
2 0.57890625 0.35703125 0.234375 0.14609375
2 0.68828125 0.43125 0.26484375 0.15234375
2 0.371875 0.59375 0.28828125 0.13515625
2 0.66015625 0.5828125 0.30703125 0.13046875
2 0.39609375 0.69921875 0.2109375 0.11796875
2 0.5578125 0.72421875 0.2484375 0.11953125
2 0.46328125 0.84609375 0.26015625 0.13515625
2 0.728125 0.828125 0.25078125 0.13515625