2 0.2984375 0.15 0.1875 0.1140625
2 0.47265625 0.3234375 0.13046875 0.07265625
2 0.6390625 0.0828125 0.15625 0.0875
2 0.2703125 0.053125 0.275 0.10625
2 0.11640625 0.11796875 0.18515625 0.1515625
2 0.53125 0.03828125 0.16640625 0.065625
2 0.49921875 0.11953125 0.1875 0.09375
2 0.9640625 0.17578125 0.071875 0.05703125
2 0.88984375 0.20390625 0.08203125 0.0515625
2 0.93984375 0.2296875 0.084375 0.053125
2 0.4734375 0.45 0.1921875 0.09765625
2 0.6203125 0.45546875 0.15234375 0.1109375
2 0.7609375 0.4546875 0.14296875 0.09375
2 0.703125 0.56328125 0.16875 0.08671875
2 0.54296875 0.57421875 0.22734375 0.09765625
2 0.41484375 0.50078125 0.1734375 0.10390625
2 0.28828125 0.578125 0.15 0.053125
2 0.35078125 0.6484375 0.10078125 0.059375
2 0.4546875 0.70078125 0.103125 0.03984375
2 0.27578125 0.68125 0.11015625 0.0515625
2 0.20625 0.64140625 0.1125 0.05
2 0.0859375 0.61953125 0.16171875 0.0671875
2 0.05625 0.69453125 0.1125 0.0859375
2 0.15625 0.69296875 0.11015625 0.05546875
2 0.3046875 0.815625 0.1359375 0.0609375
2 0.26015625 0.85703125 0.103125 0.05390625
2 0.71484375 0.9359375 0.196875 0.1125
2 0.82265625 0.7703125 0.2296875 0.11875
2 0.63984375 0.7875 0.16875 0.1359375
2 0.95625 0.83359375 0.0875 0.0734375
2 0.89453125 0.9703125 0.12890625 0.059375