2 0.79609375 0.959375 0.1609375 0.08125
2 0.9359375 0.97578125 0.078125 0.0484375
2 0.6640625 0.93203125 0.1640625 0.06875
2 0.63203125 0.871875 0.1828125 0.075
2 0.83125 0.77890625 0.121875 0.071875
2 0.93046875 0.76328125 0.115625 0.08125
2 0.94921875 0.80859375 0.071875 0.05
2 0.93359375 0.70546875 0.115625 0.075
2 0.675 0.6765625 0.1609375 0.0890625
2 0.53203125 0.70859375 0.184375 0.096875
2 0.41875 0.66171875 0.15625 0.0828125
2 0.3859375 0.85078125 0.1375 0.08125
2 0.259375 0.8125 0.1109375 0.071875
2 0.04296875 0.65546875 0.0859375 0.0890625
2 0.13828125 0.6625 0.115625 0.0875
2 0.07578125 0.546875 0.11875 0.08125
2 0.1484375 0.5953125 0.06875 0.053125
2 0.25859375 0.57421875 0.1 0.0546875
2 0.19453125 0.546875 0.1015625 0.046875
2 0.2640625 0.51328125 0.0890625 0.05
2 0.37109375 0.534375 0.0515625 0.0375
2 0.48125 0.546875 0.128125 0.071875
2 0.409375 0.4859375 0.0859375 0.0484375
2 0.4546875 0.45625 0.078125 0.0453125
2 0.3453125 0.42734375 0.1265625 0.04375
2 0.59921875 0.4796875 0.1484375 0.0765625
2 0.68125 0.58828125 0.1640625 0.1015625
2 0.77109375 0.53984375 0.15 0.084375
2 0.96328125 0.53515625 0.071875 0.0765625
2 0.64140625 0.41875 0.165625 0.0921875
2 0.70078125 0.3734375 0.134375 0.065625
2 0.5015625 0.37109375 0.10625 0.0609375
2 0.596875 0.35859375 0.1109375 0.0625
2 0.66796875 0.334375 0.0921875 0.0484375
2 0.603125 0.3046875 0.0984375 0.078125
2 0.36484375 0.2796875 0.15625 0.0734375
2 0.27578125 0.27578125 0.0828125 0.0828125
2 0.33828125 0.2234375 0.125 0.0625
2 0.1671875 0.21640625 0.103125 0.0578125
2 0.06015625 0.1734375 0.090625 0.0546875
2 0.2359375 0.1234375 0.0984375 0.0546875
2 0.21015625 0.07265625 0.0890625 0.0421875
2 0.34921875 0.053125 0.0890625 0.0375
2 0.39375 0.0859375 0.0796875 0.05
2 0.53671875 0.2453125 0.075 0.053125
2 0.7640625 0.27421875 0.1140625 0.05625
2 0.7578125 0.23125 0.0640625 0.046875
0 0.96953125 0.20390625 0.0609375 0.0796875