2 0.24375 0.0453125 0.21875 0.090625
2 0.8453125 0.89453125 0.2359375 0.1828125
2 0.27265625 0.16171875 0.2296875 0.175
2 0.37109375 0.88125 0.2234375 0.15
2 0.12578125 0.26328125 0.2109375 0.184375
2 0.35546875 0.7546875 0.2515625 0.153125
2 0.43125 0.609375 0.2484375 0.2046875
2 0.578125 0.659375 0.1828125 0.125
2 0.61328125 0.53125 0.296875 0.1984375
2 0.59140625 0.371875 0.26875 0.1984375
2 0.471875 0.2359375 0.2375 0.1640625
2 0.3140625 0.32890625 0.2125 0.165625
2 0.07421875 0.52109375 0.1484375 0.1703125
2 0.290625 0.49140625 0.225 0.15625
2 0.19140625 0.61796875 0.196875 0.13125
2 0.065625 0.73046875 0.13125 0.1765625
2 0.06484375 0.384375 0.11875 0.1109375