2 0.9484375 0.8234375 0.103125 0.165625
2 0.5828125 0.58203125 0.1265625 0.1578125
2 0.71796875 0.24609375 0.10625 0.121875
2 0.33671875 0.08359375 0.0671875 0.078125
2 0.5140625 0.21875 0.10625 0.125
2 0.2375 0.3609375 0.1265625 0.1484375
2 0.07578125 0.30703125 0.1515625 0.1890625
2 0.50859375 0.89921875 0.1890625 0.2015625
2 0.53828125 0.778125 0.1375 0.11875
2 0.5796875 0.48671875 0.103125 0.10625
2 0.58046875 0.32578125 0.0984375 0.1140625
2 0.590625 0.0421875 0.134375 0.084375
2 0.85 0.5609375 0.1625 0.1703125
2 0.746875 0.75 0.15625 0.2140625
2 0.8890625 0.42578125 0.134375 0.16875