2 0.925 0.45625 0.15 0.21875
2 0.90390625 0.61171875 0.1546875 0.2078125
2 0.81875 0.69375 0.140625 0.178125
2 0.834375 0.84765625 0.178125 0.2140625
2 0.696875 0.70078125 0.1671875 0.2515625
2 0.659375 0.828125 0.140625 0.128125
2 0.5484375 0.6765625 0.1890625 0.2609375
2 0.490625 0.88125 0.190625 0.2375
2 0.39921875 0.71640625 0.2203125 0.2875
2 0.31484375 0.87734375 0.2296875 0.2453125
2 0.33515625 0.525 0.1671875 0.246875
2 0.50546875 0.484375 0.1609375 0.23125
2 0.54375 0.309375 0.1765625 0.234375
2 0.72578125 0.54453125 0.165625 0.2234375
2 0.8171875 0.47890625 0.153125 0.20625
2 0.8875 0.31640625 0.1546875 0.20625
2 0.72890625 0.37421875 0.1671875 0.1890625
2 0.72734375 0.24140625 0.1734375 0.2375
2 0.7234375 0.08984375 0.153125 0.1796875
2 0.6140625 0.1171875 0.1875 0.2203125
2 0.5234375 0.15234375 0.1390625 0.215625
2 0.415625 0.140625 0.1953125 0.228125
2 0.41640625 0.3546875 0.171875 0.2328125
2 0.28671875 0.23828125 0.140625 0.1921875
2 0.265625 0.33125 0.1640625 0.1875
2 0.21640625 0.53828125 0.203125 0.271875
2 0.103125 0.3796875 0.20625 0.253125
2 0.09140625 0.5765625 0.1828125 0.2625
2 0.06796875 0.75390625 0.0828125 0.1625
2 0.02734375 0.39375 0.0546875 0.275