2 0.10078125 0.9046875 0.1609375 0.1359375
2 0.40546875 0.5671875 0.1546875 0.121875
2 0.7125 0.75859375 0.11875 0.103125
2 0.93828125 0.41171875 0.0765625 0.0640625
2 0.77421875 0.56328125 0.121875 0.103125
2 0.6828125 0.265625 0.1453125 0.121875
2 0.7640625 0.1140625 0.184375 0.1515625
2 0.10078125 0.43828125 0.2015625 0.1828125
2 0.21953125 0.48984375 0.1140625 0.134375
2 0.49921875 0.58046875 0.103125 0.1
2 0.6578125 0.609375 0.1125 0.0953125
2 0.94375 0.67109375 0.0984375 0.13125
2 0.3796875 0.83359375 0.165625 0.1578125
2 0.2109375 0.7 0.2109375 0.15
2 0.50546875 0.89609375 0.165625 0.1296875