2 0.82109375 0.04921875 0.15546875 0.0875
2 0.96171875 0.0359375 0.07578125 0.06796875
2 0.68671875 0.07734375 0.1609375 0.0609375
2 0.6515625 0.1359375 0.1796875 0.06640625
2 0.8453125 0.2390625 0.11875 0.06640625
2 0.94375 0.259375 0.11171875 0.07578125
2 0.96484375 0.215625 0.06953125 0.04765625
2 0.94375 0.3171875 0.11171875 0.06875
2 0.684375 0.3328125 0.15546875 0.08046875
2 0.54296875 0.29375 0.1796875 0.0875
2 0.42734375 0.334375 0.153125 0.075
2 0.4046875 0.14375 0.134375 0.075
2 0.27578125 0.175 0.1078125 0.06484375
2 0.04609375 0.3203125 0.0921875 0.084375
2 0.14765625 0.31875 0.1109375 0.08046875
2 0.07890625 0.43125 0.11640625 0.075
2 0.15390625 0.38671875 0.065625 0.05078125
2 0.2625 0.41328125 0.09765625 0.04921875
2 0.19765625 0.4375 0.1 0.0421875
2 0.26484375 0.47421875 0.08671875 0.0453125
2 0.3734375 0.45859375 0.05 0.03515625
2 0.48359375 0.45234375 0.12421875 0.06640625
2 0.40859375 0.509375 0.084375 0.04375
2 0.45234375 0.54140625 0.0765625 0.040625
2 0.34140625 0.5640625 0.12421875 0.03828125
2 0.59765625 0.52578125 0.1453125 0.06796875
2 0.6859375 0.42109375 0.15859375 0.09296875
2 0.77265625 0.47421875 0.14765625 0.0765625
2 0.96484375 0.4890625 0.06953125 0.0734375
2 0.63671875 0.58828125 0.1609375 0.08359375
2 0.69375 0.63671875 0.13203125 0.059375
2 0.49453125 0.62890625 0.103125 0.05546875
2 0.5890625 0.64609375 0.1078125 0.05546875
2 0.659375 0.67421875 0.08984375 0.04375
2 0.59296875 0.70078125 0.0953125 0.0734375
2 0.353125 0.71328125 0.153125 0.06484375
2 0.2640625 0.7125 0.07890625 0.07734375
2 0.32421875 0.76796875 0.12109375 0.05546875
2 0.153125 0.765625 0.1 0.05390625
2 0.04375 0.803125 0.08671875 0.04921875
2 0.21640625 0.8625 0.0953125 0.04921875
2 0.18828125 0.91171875 0.08671875 0.03828125
2 0.32578125 0.93828125 0.08671875 0.0328125
2 0.371875 0.9078125 0.07890625 0.0453125
2 0.5234375 0.75625 0.07109375 0.04921875
2 0.7515625 0.7390625 0.1109375 0.04921875
2 0.74375 0.78203125 0.06328125 0.04375
0 0.96171875 0.8203125 0.07578125 0.0765625