2 0.53984375 0.07109375 0.19765625 0.12265625
2 0.68671875 0.125 0.18828125 0.1203125
2 0.75078125 0.22421875 0.159375 0.11171875
2 0.9046875 0.23828125 0.190625 0.14453125
2 0.734375 0.3453125 0.23046875 0.12578125
2 0.85234375 0.40625 0.10546875 0.12265625
2 0.6828125 0.4859375 0.2375 0.14609375
2 0.8796875 0.5828125 0.22421875 0.15
2 0.69296875 0.63984375 0.25859375 0.1734375
2 0.8625 0.759375 0.2703125 0.18046875
2 0.49296875 0.66640625 0.2265625 0.1265625
2 0.4859375 0.49140625 0.2125 0.12109375
2 0.32109375 0.4203125 0.2125 0.1390625
2 0.58671875 0.28671875 0.203125 0.1296875
2 0.53984375 0.184375 0.1859375 0.1203125
2 0.39375 0.084375 0.1859375 0.12109375
2 0.4203125 0.2515625 0.16484375 0.13671875
2 0.28984375 0.22734375 0.21484375 0.13515625
2 0.1109375 0.196875 0.221875 0.1125
2 0.14609375 0.31484375 0.1953125 0.153125
2 0.16328125 0.4109375 0.19921875 0.10234375
2 0.13125 0.5140625 0.2015625 0.15859375
2 0.34140625 0.5546875 0.2109375 0.13515625
2 0.20234375 0.659375 0.17421875 0.11015625
2 0.28984375 0.69765625 0.16484375 0.13515625
2 0.48359375 0.7859375 0.2453125 0.16015625
2 0.30625 0.86875 0.22421875 0.17265625
2 0.496875 0.92265625 0.23828125 0.1546875
2 0.66640625 0.97265625 0.15546875 0.0546875
2 0.30078125 0.9703125 0.26875 0.059375