2 0.14296875 0.6890625 0.1203125 0.190625
2 0.32265625 0.52109375 0.0765625 0.134375
2 0.08828125 0.34609375 0.0921875 0.159375
2 0.0515625 0.7140625 0.103125 0.278125
2 0.1046875 0.8703125 0.1578125 0.190625
2 0.03984375 0.45234375 0.071875 0.1671875
2 0.11953125 0.4875 0.1 0.190625
2 0.1921875 0.03046875 0.059375 0.0609375
2 0.21796875 0.1 0.0546875 0.0828125
2 0.2453125 0.05078125 0.05625 0.0859375
2 0.44921875 0.525 0.103125 0.1953125
2 0.459375 0.378125 0.115625 0.15625
2 0.4640625 0.2375 0.0984375 0.146875
2 0.5703125 0.29921875 0.09375 0.171875
2 0.57578125 0.459375 0.1046875 0.23125
2 0.49765625 0.58515625 0.109375 0.1765625
2 0.5703125 0.7140625 0.0578125 0.1515625
2 0.64296875 0.6546875 0.0625 0.1015625
2 0.69921875 0.55234375 0.04375 0.1046875
2 0.6734375 0.73046875 0.0546875 0.1109375
2 0.63125 0.7984375 0.053125 0.1140625
2 0.6046875 0.91796875 0.0734375 0.1640625
2 0.67890625 0.94609375 0.0890625 0.1078125
2 0.68046875 0.85 0.059375 0.1125
2 0.80859375 0.70625 0.065625 0.1375
2 0.8484375 0.75234375 0.05625 0.1046875
2 0.94140625 0.3 0.1171875 0.2
2 0.78125 0.18671875 0.1265625 0.234375
2 0.7921875 0.3703125 0.1421875 0.1734375
2 0.84921875 0.05546875 0.0765625 0.090625
2 0.97578125 0.12109375 0.0484375 0.1296875