2 0.7296875 0.5984375 0.128125 0.1546875
2 0.12734375 0.72578125 0.15 0.1703125
2 0.29375 0.66171875 0.125 0.2046875
2 0.38515625 0.659375 0.1375 0.2015625
2 0.490625 0.74140625 0.134375 0.1484375
2 0.27265625 0.4453125 0.1640625 0.2046875
2 0.33828125 0.3515625 0.165625 0.190625
2 0.4265625 0.44765625 0.1609375 0.2109375
2 0.515625 0.15 0.1421875 0.184375
2 0.36796875 0.034375 0.1390625 0.0640625
2 0.6109375 0.378125 0.1484375 0.1703125
2 0.63203125 0.59140625 0.1640625 0.2109375
2 0.69609375 0.68984375 0.0953125 0.1203125