2 0.34921875 0.69921875 0.13515625 0.0984375
2 0.37109375 0.08359375 0.14609375 0.1171875
2 0.39296875 0.2609375 0.190625 0.08046875
2 0.3734375 0.35 0.18359375 0.0953125
2 0.26796875 0.4328125 0.1265625 0.10546875
2 0.6078125 0.29296875 0.1796875 0.12421875
2 0.6828125 0.37890625 0.1640625 0.1296875
2 0.56875 0.44140625 0.18671875 0.11875
2 0.8359375 0.6 0.1640625 0.10703125
2 0.98359375 0.484375 0.0328125 0.134375
2 0.59140625 0.6375 0.14609375 0.11484375
2 0.3796875 0.60625 0.18828125 0.121875
2 0.26796875 0.64453125 0.10546875 0.07109375