2 0.8125 0.94296875 0.20703125 0.1140625
2 0.109375 0.15078125 0.21875 0.1578125
2 0.7671875 0.8078125 0.21328125 0.14921875
2 0.58125 0.10625 0.20859375 0.12578125
2 0.9 0.6890625 0.1921875 0.1625
2 0.6125 0.2296875 0.23828125 0.12421875
2 0.5546875 0.3828125 0.228125 0.17890625
2 0.403125 0.3515625 0.17265625 0.1046875
2 0.38359375 0.4828125 0.278125 0.16484375
2 0.425 0.63828125 0.25078125 0.16796875
2 0.56015625 0.75859375 0.221875 0.13828125
2 0.70546875 0.646875 0.19609375 0.1421875
2 0.92734375 0.4265625 0.1453125 0.15390625
2 0.70859375 0.4828125 0.2109375 0.13125
2 0.7921875 0.3453125 0.18359375 0.11015625
2 0.92265625 0.21484375 0.15390625 0.159375
2 0.94609375 0.56171875 0.1078125 0.0984375