2 0.11171875 0.10546875 0.1140625 0.16875
2 0.11640625 0.24296875 0.0875 0.16875
2 0.16796875 0.2875 0.0953125 0.1890625
2 0.303125 0.11484375 0.0859375 0.128125
2 0.3390625 0.04140625 0.09375 0.0828125
2 0.30078125 0.015625 0.0578125 0.03125
2 0.396875 0.04609375 0.0875 0.0921875
2 0.3671875 0.2890625 0.1078125 0.16875
2 0.3046875 0.421875 0.1171875 0.1921875
2 0.32421875 0.54296875 0.1 0.1640625
2 0.1328125 0.53203125 0.096875 0.1453125
2 0.140625 0.6640625 0.0828125 0.1171875
2 0.24453125 0.915625 0.0984375 0.1046875
2 0.26015625 0.815625 0.1 0.1234375
2 0.359375 0.903125 0.09375 0.1265625
2 0.328125 0.82109375 0.0609375 0.0734375
2 0.3734375 0.71875 0.065625 0.1046875
2 0.3859375 0.78671875 0.059375 0.10625
2 0.43359375 0.72734375 0.059375 0.09375
2 0.4375 0.6171875 0.0421875 0.0546875
2 0.45 0.5078125 0.0859375 0.134375
2 0.49375 0.59140625 0.0578125 0.090625
2 0.5328125 0.55390625 0.053125 0.0828125
2 0.5359375 0.6671875 0.059375 0.1296875
2 0.5421875 0.40859375 0.0921875 0.1546875
2 0.4546875 0.303125 0.1203125 0.1734375
2 0.521875 0.22734375 0.1015625 0.1578125
2 0.5703125 0.040625 0.084375 0.0796875
2 0.6109375 0.38046875 0.1109375 0.1734375
2 0.66796875 0.3328125 0.08125 0.1390625
2 0.62578125 0.528125 0.0734375 0.1109375
2 0.659375 0.4375 0.0734375 0.115625
2 0.69921875 0.3734375 0.059375 0.096875
2 0.7140625 0.44296875 0.0890625 0.10625
2 0.684375 0.68203125 0.090625 0.1625
2 0.66796875 0.76953125 0.090625 0.090625
2 0.73359375 0.71953125 0.0765625 0.1296875
2 0.7015625 0.8875 0.0703125 0.1078125
2 0.71953125 0.97734375 0.0640625 0.0453125
2 0.8078125 0.8421875 0.065625 0.103125
2 0.8515625 0.878125 0.0515625 0.090625
2 0.9015625 0.74765625 0.046875 0.0921875
2 0.8796875 0.696875 0.0578125 0.0859375
2 0.75625 0.52109375 0.0625 0.0796875
2 0.77890625 0.29375 0.06875 0.1171875
2 0.8203125 0.30859375 0.0546875 0.06875
0 0.8953125 0.10078125 0.0890625 0.0875