2 0.890625 0.39609375 0.159375 0.2109375
2 0.67734375 0.51953125 0.103125 0.1453125
2 0.8671875 0.7421875 0.125 0.1734375
2 0.95234375 0.39375 0.0953125 0.29375
2 0.93515625 0.22734375 0.1296875 0.2171875
2 0.93828125 0.65 0.10625 0.1765625
2 0.86796875 0.59765625 0.1390625 0.2046875
2 0.68515625 0.953125 0.071875 0.09375
2 0.64609375 0.9734375 0.0734375 0.053125
2 0.55546875 0.4875 0.14375 0.2109375
2 0.51171875 0.628125 0.146875 0.1765625
2 0.4765625 0.7640625 0.128125 0.1625
2 0.3859375 0.6796875 0.128125 0.1859375
2 0.4171875 0.52265625 0.153125 0.2453125
2 0.52109375 0.4171875 0.14375 0.19375
2 0.4796875 0.275 0.090625 0.159375
2 0.3953125 0.3171875 0.0828125 0.1125
2 0.31796875 0.40390625 0.065625 0.109375
2 0.3828125 0.23671875 0.078125 0.11875
2 0.4390625 0.1796875 0.078125 0.121875
2 0.490625 0.078125 0.10625 0.15625
2 0.4265625 0.04296875 0.1125 0.0859375
2 0.40234375 0.11796875 0.0828125 0.1203125
2 0.2453125 0.2296875 0.09375 0.146875
2 0.2171875 0.17578125 0.078125 0.1140625
2 0.0515625 0.59375 0.103125 0.21875
2 0.15546875 0.74140625 0.1734375 0.253125
2 0.1859375 0.5609375 0.175 0.1984375
2 0.059375 0.8546875 0.09375 0.103125