2 0.57734375 0.0765625 0.20625 0.1390625
2 0.71875 0.14296875 0.1984375 0.1359375
2 0.77421875 0.246875 0.16875 0.1265625
2 0.91171875 0.27421875 0.1765625 0.1609375
2 0.746875 0.36640625 0.240625 0.1453125
2 0.859375 0.4375 0.1171875 0.1328125
2 0.68359375 0.5015625 0.25 0.1671875
2 0.87109375 0.615625 0.2375 0.16875
2 0.6796875 0.65625 0.2734375 0.1953125
2 0.83828125 0.78984375 0.284375 0.2046875
2 0.478125 0.66484375 0.2375 0.1453125
2 0.48671875 0.48984375 0.221875 0.140625
2 0.32890625 0.4046875 0.2234375 0.1578125
2 0.6046875 0.2953125 0.2140625 0.146875
2 0.5671875 0.1890625 0.1953125 0.1359375
2 0.43046875 0.0765625 0.1953125 0.1375
2 0.4421875 0.2453125 0.1765625 0.1515625
2 0.3140625 0.21015625 0.2265625 0.153125
2 0.1390625 0.1640625 0.23125 0.13125
2 0.16328125 0.284375 0.2078125 0.1703125
2 0.17265625 0.38203125 0.2078125 0.1203125
2 0.13125 0.48203125 0.2140625 0.1765625
2 0.3375 0.540625 0.221875 0.1515625
2 0.18984375 0.6328125 0.184375 0.125
2 0.2734375 0.67890625 0.1765625 0.1484375
2 0.45859375 0.78359375 0.2578125 0.1796875
2 0.275 0.85078125 0.2390625 0.190625
2 0.46015625 0.91640625 0.2515625 0.1671875
2 0.62421875 0.975 0.1609375 0.05
2 0.2609375 0.95078125 0.2734375 0.0828125